18
20
23
1
67
34
62
57
57
76
97
80
31
3
23
52
59
7
41
47
12
63
13
92
3
3
84
84
88
83
55
30
21
84
98
81
35
45
97
11
75
94
41
55
90
49
82
45
46
2
24
47
77
4
82
18
41
47
63
84
92
39
27
70
33
30
76
69
7
84
57
15
80
47
51
62
30
96
79
57
1
34
97
46
14
24
100
34
100
39
31
98
31
52
77
5
63
66
1
11
32
54
92
45
82
42
14
31
68
53
59
26
63
9
32
9
44
67
10
93
33
41
64
83
25
83
20
64
48
33
46
38
22
5
67
16
75
19
12
5
23
36
40
24
92
11
73
8
47
28
37
89
29
69
75
60
45
84
18
46
51
44
100
65
59
99
10
50
47
47
20
97
25
91
70
88
84
48
32
30
88
38
50
49
33
2
30
72
39
31
43
61
88
49
81
8
22
10
76
79
12
49
26
56
53
45
91
69
10
37
21
6
51
70
40
37
91
18
79
78
79
96
62
97
75
31
81
27
43
44
41
60
66
49
80
75
89
82
49
12
80
6
2
68
8
72
25
93
19
58
12
62
32
30
52
8
11
23
27
95
84
80
23
30
67
50
62
12
10
50
9
62
28
26
63
29
12
24
80
90
96
9
48
67
60
80
32
34
71
46
70
95
41
48
20
68
46
26
80
42
93
80
10
86
30
63
25
93
12
25
95
18
88
15
39
67
40
26
28
37
39
82
6
33
76
15
82
3
40
52
90
30
54
45
40
33
38
62
65
84
94
95
56
94
88
15
6
46
16
51
62
69
53
63
9
89
66
14
6
27
42
45
42
33
5
30
29
8
47
47
71
1
48
15
44
100
90
3
99
14
67
20
58
64
87
89
99
78
89
85
45
47
92
48
54
24
44
39
80
76
