136
93
44
15
106
128
127
67
131
35
129
81
28
22
138
90
79
118
64
90
43
81
107
93
131
38
22
77
103
41
37
151
27
136
130
24
63
119
88
26
93
68
41
70
36
41
26
159
145
152
43
27
110
144
151
45
119
90
101
118
119
29
92
89
130
134
53
67
35
156
64
72
118
79
99
21
106
125
156
121
156
37
95
87
33
156
63
57
131
79
22
58
137
56
162
114
135
82
43
97
131
143
113
15
32
105
68
145
24
141
25
69
50
138
151
63
42
157
122
24
63
85
74
29
128
103
138
136
85
98
103
119
28
126
147
125
143
86
160
144
138
119
86
112
49
117
60
133
17
47
46
26
156
136
91
44
40
151
162
140
89
48
159
44
43
124
16
64
71
31
142
62
46
161
46
133
93
80
61
145
130
39
145
23
138
87
86
98
151
109
137
118
86
125
103
43
151
136
79
100
16
73
138
115
163
86
43
39
67
117
94
123
32
81
114
39
68
145
18
29
106
78
27
38
87
98
22
25
80
39
159
105
109
108
118
106
37
16
64
46
67
25
48
80
162
78
107
81
152
80
48
147
100
55
45
146
159
110
15
64
48
132
43
99
110
79
23
86
138
95
152
103
98
128
44
153
112
149
52
98
158
121
86
117
140
122
124
110
143
162
43
104
43
50
164
72
33
137
77
145
97
98
46
104
114
19
158
32
16
17
54
128
60
95
122
113
99
72
29
148
164
78
126
161
28
137
72
152
61
100
88
95
128
131
63
135
96
57
32
77
32
90
83
28
131
95
143
76
105
129
109
100
123
118
116
103
46
136
90
56
57
141
137
89
82
158
66
162
164
38
22
72
159
34
154
143
157
143
93
47
73
43
129
25
135
118
115
75
56
31
163
77
151
17
104
75
49
29
118
53
