79
67
84
88
57
47
4
21
22
17
11
87
2
55
32
71
94
73
13
79
40
49
11
84
10
96
16
32
33
98
44
30
73
44
69
64
14
15
95
34
31
85
30
1
83
48
92
24
90
76
45
51
95
63
38
18
86
35
65
16
55
46
2
79
3
8
64
50
31
60
35
81
93
4
43
48
35
16
45
55
42
50
50
25
49
46
47
3
77
83
50
96
90
93
39
13
13
4
1
4
28
61
84
2
89
30
50
32
22
72
11
71
42
38
36
91
29
38
50
56
3
86
71
92
99
46
58
100
38
50
42
28
58
1
26
87
49
12
37
29
50
85
51
10
12
88
2
65
89
26
20
63
26
91
85
7
35
88
48
81
93
55
14
81
6
10
50
68
49
64
19
64
74
80
57
83
17
76
93
10
24
100
94
84
70
28
56
10
62
89
90
36
2
52
70
19
13
32
73
42
44
60
6
2
30
59
81
59
99
61
69
91
10
30
2
87
61
17
40
46
1
45
93
67
39
66
80
62
30
15
73
11
22
53
99
77
90
50
79
54
38
57
9
56
66
72
13
2
93
7
87
70
97
37
49
15
9
3
35
85
91
30
59
54
83
21
6
32
46
83
78
65
34
40
31
37
43
99
21
2
20
25
75
10
16
15
22
95
39
65
94
33
17
17
59
16
41
40
87
96
19
84
78
17
23
71
45
76
37
56
42
13
75
66
60
45
65
15
52
58
4
85
37
61
39
43
33
34
55
76
18
80
86
3
70
35
7
48
26
83
28
35
42
40
7
97
64
21
35
86
92
81
73
96
56
2
51
4
17
73
81
5
91
96
43
59
82
51
15
85
11
12
42
87
92
29
50
93
76
80
69
62
65
80
84
16
67
57
84
38
84
2
53
63
23
8
84
17
51
23
92
10
27
61
40
46
42
43
14
91
82
24
61
38
46
43
40
68
46
6
7
64
39
83
89
11
9
1
5
83
20
86
5
95
38
8
33
88
26
73
2
76
22
97
74
88
75
97
32
10
88
57
57
58
26
92
12
35
82
80
45
32
59
30
82
7
22
56
19
8
88
66
53
89
72
94
81
96
87
95
87
11
100
7
84
35
77
61
15
62
10
91
33
49
8
99
67
83
65
15
44
23
36
83
4
56
48
99
41
21
73
26
42
27
8
30
30
75
71
50
30
10
13
67
78
12
53
13
12
33
92
6
96
9
17
80
84
51
34
38
89
82
62
57
39
28
95
100
28
60
24
38
39
54
6
1
72
83
20
24
82
67
10
88
13
47
22
13
34
78
44
71
55
68
30
91
48
27
62
25
32
42
8
43
98
25
70
45
21
37
94
84
91
44
87
12
24
9
12
73
42
73
96
96
14
72
35
56
20
50
19
17
64
39
86
66
96
28
38
29
7
4
70
52
65
53
49
97
13
60
71
38
15
47
21
85
50
59
76
21
52
22
90
79
89
47
83
57
29
89
20
8
68
50
19
14
26
11
6
36
4
90
83
57
66
33
93
46
53
44
71
28
90
85
56
25
21
85
67
16
8
24
45
35
1
71
88
35
99
92
99
23
80
66
34
57
34
80
86
3
38
9
76
59
51
32
13
19
44
63
74
4
86
36
24
60
100
16
21
35
52
76
76
6
14
12
41
69
25
50
50
9
92
35
9
21
69
75
60
36
64
73
42
91
12
34
50
47
10
39
2
88
54
28
90
66
41
16
4
94
76
59
22
79
40
65
12
62
68
34
12
63
88
7
75
22
10
79
11
25
11
70
28
48
61
1
26
18
37
60
82
74
49
32
53
49
41
90
39
3
63
49
34
4
19
98
37
17
84
55
36
61
23
14
9
95
25
59
47
44
41
71
97
6
48
84
65
61
10
60
58
5
77
20
7
29
88
88
65
81
46
63
59
51
39
75
82
18
31
28
71
41
88
4
59
68
57
33
32
75
58
21
88
56
96
73
10
32
1
22
8
55
71
42
19
48
83
3
62
7
54
79
67
1
74
47
23
80
10
27
85
99
66
71
57
84
34
45
34
29
17
62
95
83
75
16
72
7
91
69
13
84
48
24
84
17
45
49
63
82
82
6
40
51
77
55
89
90
36
5
22
71
45
32
19
3
20
62
36
54
17
66
42
50
57
43
97
6
8
75
75
41
2
84
59
43
17
66
5
17
1
85
25
83
77
85
60
69
40
5
58
90
70
26
21
61
45
39
81
67
73
86
2
83
1
55
25
90
38
89
65
35
25
49
93
30
31
93
19
94
100
44
12
6
65
74
35
27
59
11
12
58
13
47
95
51
72
28
53
47
91
58
22
53
79
84
84
11
33
67
83
19
73
88
9
31
9
100
51
40
17
58
91
95
56
51
78
82
66
85
15
65
16
44
6
55
3
8
3
72
14
98
19
5
39
36
47
10
7
58
16
19
14
5
93
88
93
78
62
17
4
64
99
76
65
63
35
67
33
15
64
46
37
24
85
56
24
66
76
92
94
88
76
93
61
55
41
87
23
73
64
32
26
63
91
5
45
17
45
41
42
36
74
21
50
23
73
57
45
58
91
60
91
65
24
91
40
63
6
65
10
50
64
91
48
79
75
3
90
48
53
70
21
27
49
30
59
30
71
49
92
38
50
72
92
74
70
76
96
43
31
18
76
26
83
32
61
62
70
6
51
33
38
23
70
89
47
65
29
81
55
18
35
50
19
38
64
8
38
91
42
90
80
95
14
71
82
71
44
99
79
19
20
86
50
9
23
1
31
20
12
74
4
17
49
52
37
12
84
89
88
34
97
33
13
51
21
90
90
33
7
22
77
27
75
1
42
66
98
85
58
56
97
72
38
7
69
33
14
19
95
21
59
59
44
12
85
26
71
26
59
9
55
39
11
29
44
8
34
70
67
100
86
92
84
10
84
30
69
61
41
96
87
59
45
1
17
80
69
46
92
94
41
39
84
97
31
97
7
65
92
77
54
50
16
19
87
41
68
99
69
54
42
70
7
12
86
25
12
29
8
54
90
32
89
13
92
58
48
61
8
60
37
82
59
26
52
42
61
8
26
17
59
74
37
52
87
62
94
4
20
42
87
59
81
79
82
9
26
13
13
18
8
58
81
9
4
73
86
48
49
28
48
24
55
47
34
59
5
16
94
15
89
69
34
20
54
86
85
45
43
10
25
66
48
51
84
21
9
73
11
92
61
14
38
63
82
9
51
61
64
79
1
69
8
29
43
44
66
41
18
63
7
17
56
66
45
54
37
60
86
64
60
16
74
18
11
74
70
78
57
54
1
50
13
54
18
38
24
18
45
26
66
32
1
99
12
23
13
9
73
9
64
77
64
89
58
96
1
14
91
48
40
55
21
48
29
18
47
59
77
60
40
94
98
83
71
33
12
97
10
25
100
80
34
100
41
72
26
2
4
2
7
6
100
26
48
60
4
65
72
79
91
97
74
77
27
63
91
33
92
38
1
34
57
24
28
69
8
11
11
3
44
84
53
86
67
21
13
16
11
80
99
10
70
71
39
15
86
18
58
14
38
47
59
86
2
72
10
81
18
49
66
24
59
31
38
31
46
55
60
84
43
79
81
18
80
64
6
9
26
96
2
74
39
54
80
50
18
95
100
32
18
71
93
13
23
53
78
91
82
6
75
95
30
87
46
72
25
52
67
2
48
83
35
97
69
37
31
57
45
96
26
85
44
65
87
35
77
50
44
47
56
31
47
94
90
33
63
24
46
85
95
86
52
57
11
92
94
48
17
58
45
14
93
53
23
16
18
88
1
73
48
51
99
19
48
10
96
81
21
4
43
89
31
27
21
69
22
50
100
77
80
12
78
72
81
20
17
24
32
47
1
24
41
99
40
58
41
58
75
76
47
56
30
93
3
23
13
48
12
23
50
36
11
93
17
31
68
73
82
37
72
30
25
70
45
28
71
35
11
58
28
18
35
81
1
84
59
85
98
38
20
34
62
67
3
31
76
83
79
74
55
24
33
89
1
92
7
33
41
56
24
89
74
67
8
20
39
85
35
37
5
47
46
13
21
79
16
70
75
62
59
43
67
63
35
30
4
48
77
15
75
95
5
57
26
66
5
52
32
58
39
52
3
33
41
50
100
2
70
55
18
79
67
74
76
57
29
54
45
72
14
50
12
65
53
98
84
88
88
23
26
31
67
1
99
11
27
81
27
80
70
44
4
90
4
76
36
73
17
24
86
91
11
85
83
14
64
100
55
14
81
93
100
53
40
36
70
79
33
93
53
73
47
41
63
78
56
34
75
11
5
57
81
66
54
59
92
49
94
50
4
35
28
20
63
71
69
95
11
80
70
63
69
95
27
59
10
69
70
1
14
93
79
43
38
66
95
46
44
80
41
10
20
73
79
56
82
36
41
29
19
82
12
7
29
72
28
9
33
70
51
10
1
77
8
85
14
59
64
29
84
97
47
14
14
32
98
76
25
26
36
62
87
82
22
72
9
29
80
4
98
29
83
15
73
2
65
69
25
30
91
93
64
60
38
91
43
76
2
28
43
4
62
63
38
40
87
37
86
95
64
2
86
23
81
54
41
48
85
53
86
27
62
46
37
27
74
15
51
26
20
11
63
94
19
60
75
32
88
49
45
42
91
63
50
73
57
38
4
34
31
88
83
27
99
64
78
99
34
80
44
87
75
78
16
83
90
60
59
38
90
81
9
43
88
35
98
80
25
65
88
25
6
56
52
35
65
61
21
91
26
94
86
96
99
58
85
54
49
14
9
39
59
13
93
54
22
69
3
88
18
63
3
82
70
42
3
95
90
88
33
29
12
6
19
99
67
14
80
35
6
88
34
57
2
45
88
28
44
50
37
70
41
46
31
19
96
21
57
43
27
47
3
75
73
53
7
51
53
15
35
76
66
72
82
6
38
21
62
45
58
60
29
43
39
13
40
100
42
81
7
69
31
43
65
69
87
35
14
40
23
38
35
57
18
10
18
75
84
96
96
75
16
66
47
4
95
53
22
53
56
61
17
11
60
50
33
4
35
12
93
38
38
96
66
13
49
54
27
36
75
13
34
60
38
28
10
94
59
90
48
9
100
20
26
81
11
7
77
25
35
29
10
75
92
92
85
89
82
44
43
70
4
14
69
24
56
37
20
82
88
47
62
69
1
28
96
99
66
42
12
46
1
63
92
41
75
89
25
16
41
10
96
32
88
71
42
10
85
75
19
84
21
33
90
95
24
87
75
68
75
12
16
100
22
98
95
10
54
19
14
14
36
7
97
23
62
46
80
35
13
2
77
95
82
55
76
25
78
67
85
69
62
78
77
12
69
22
2
88
84
4
27
26
81
68
34
3
94
70
46
79
29
66
96
52
94
65
45
16
40
81
39
73
48
96
54
92
29
52
44
93
47
11
61
62
26
79
4
20
24
58
22
91
59
38
47
27
33
15
91
6
4
69
78
92
11
42
78
61
63
81
46
50
6
27
34
85
29
90
62
66
37
32
14
24
41
78
28
33
100
52
84
6
58
21
42
44
62
54
63
97
85
53
98
20
97
63
6
12
34
44
100
59
46
89
82
97
17
15
44
63
15
30
14
18
85
20
52
50
50
6
55
5
70
62
53
47
35
78
32
38
95
27
51
50
17
77
98
77
56
61
24
57
47
52
47
73
91
4
31
46
89
99
95
17
88
72
43
36
49
30
37
97
5
54
13
50
3
5
23
90
93
47
45
85
52
29
13
99
51
62
43
36
16
83
15
10
61
70
33
51
43
57
12
32
67
68
4
95
16
78
14
53
4
83
98
61
54
72
20
9
89
52
54
55
65
5
58
56
42
38
85
40
85
74
40
6
78
75
38
18
16
50
57
37
98
46
67
80
40
8
89
19
79
39
27
63
75
76
14
96
25
49
59
87
12
3
45
23
42
95
29
62
29
14
19
48
37
88
42
83
81
16
17
87
67
69
34
67
18
69
97
31
77
94
32
86
66
21
68
87
12
44
19
7
84
2
30
40
82
75
49
42
82
93
61
81
26
54
96
61
52
35
30
48
94
30
42
40
58
42
62
77
49
37
25
30
88
24
89
46
60
48
9
73
55
43
55
67
29
95
51
98
100
56
71
67
83
50
66
87
48
14
23
51
14
20
24
84
8
22
94
39
60
4
25
74
13
90
41
27
53
21
39
83
55
8
47
12
71
86
10
52
62
46
32
75
79
22
51
4
95
57
97
19
54
15
86
90
98
17
35
100
1
57
20
90
10
60
30
8
34
32
30
19
18
64
35
75
68
37
26
40
20
12
86
15
38
57
6
94
25
35
11
43
56
17
14
8
9
94
26
2
59
88
85
33
96
81
39
15
17
29
10
13
46
28
91
31
7
76
77
8
58
63
15
28
55
21
66
11
28
51
95
13
19
41
99
23
17
5
38
3
65
60
78
94
13
63
11
93
44
71
56
34
2
51
2
55
92
38
33
47
79
99
91
1
88
55
64
56
55
62
61
15
65
45
26
16
62
71
74
44
44
5
76
20
34
16
95
92
41
49
5
61
37
31
35
65
69
3
60
9
73
49
48
52
25
34
94
99
68
13
15
45
55
44
74
46
43
2
74
41
8
48
37
38
98
86
1
66
48
8
96
68
80
8
48
16
71
14
21
9
15
89
81
16
51
15
52
38
8
77
88
29
10
49
22
72
55
88
43
70
83
22
90
57
23
32
44
14
33
41
24
39
81
97
64
93
24
94
64
5
91
41
92
26
71
37
73
58
1
28
31
28
8
22
58
85
90
90
1
86
61
92
96
18
58
13
55
10
6
15
20
1
66
67
5
81
49
28
47
15
61
47
21
62
62
34
38
24
48
77
42
59
61
49
36
38
93
1
24
13
11
8
22
11
62
67
3
91
90
69
75
23
46
64
49
99
52
83
35
4
7
91
47
23
61
1
3
13
52
48
28
92
7
58
23
70
36
78
26
92
2
49
36
98
28
21
49
7
30
61
96
43
97
38
77
38
98
71
91
60
16
16
39
39
8
95
9
93
73
78
18
74
54
42
39
86
47
51
95
74
4
34
99
97
87
54
22
58
32
78
31
5
93
31
99
36
98
99
10
42
7
26
86
19
4
78
46
77
42
72
70
3
68
60
82
30
14
60
78
87
81
11
22
13
64
89
5
61
70
41
31
12
70
24
88
72
51
32
4
51
100
14
58
32
58
38
84
20
47
36
45
56
92
36
78
49
44
85
9
27
100
42
13
43
63
7
46
28
6
42
17
49
40
56
65
86
37
82
19
83
70
27
50
28
19
24
12
52
78
77
54
36
39
61
16
62
56
58
81
47
99
53
29
64
12
3
57
42
2
22
69
18
94
64
98
23
47
8
32
50
58
67
24
67
37
2
26
38
8
46
75
99
2
82
45
62
31
79
32
32
12
21
8
88
89
19
46
75
22
62
74
83
58
4
29
85
79
53
92
77
18
91
61
25
78
9
68
26
27
47
14
63
50
33
49
19
49
82
3
6
20
5
49
65
10
24
8
74
64
49
82
31
95
52
28
31
61
1
65
20
27
53
65
61
3
68
12
23
74
63
52
35
32
34
26
63
87
6
62
97
96
51
67
33
58
45
66
3
53
46
56
89
57
100
37
50
70
95
22
48
82
13
3
99
78
72
30
4
24
50
6
84
99
66
32
67
57
75
22
46
52
25
28
77
73
43
30
40
91
65
30
57
41
86
61
12
46
55
71
7
60
92
54
36
71
77
7
48
19
7
89
51
3
4
78
65
10
5
95
56
9
57
59
23
34
4
34
41
58
33
99
38
1
31
19
62
45
4
25
40
28
51
17
86
74
49
76
49
70
27
45
83
49
57
76
57
41
70
51
10
51
100
76
91
15
92
49
38
88
93
9
89
13
79
51
13
53
72
53
25
16
36
99
35
26
49
87
59
49
84
12
27
99
51
83
96
46
5
80
95
22
28
81
90
79
62
92
25
81
94
23
14
8
42
56
58
75
46
60
90
90
3
65
37
45
58
47
51
57
14
18
21
62
61
89
72
50
35
83
14
96
41
12
3
54
59
78
46
14
34
67
74
99
13
2
2
68
80
90
74
98
11
40
3
94
78
73
11
43
87
22
63
15
60
33
15
92
46
18
90
18
45
61
25
1
33
88
4
70
85
10
89
92
94
32
82
64
86
48
69
66
72
1
60
28
58
70
100
87
82
56
53
33
60
68
91
17
40
3
73
89
14
83
32
58
46
38
39
100
18
8
52
40
53
62
37
30
76
98
61
69
61
71
62
6
28
9
37
5
22
25
36
38
55
88
79
47
49
44
3
54
76
62
6
49
62
89
41
69
75
15
87
82
9
33
34
39
16
49
39
17
53
23
4
69
47
64
4
15
13
82
90
76
89
96
20
10
91
17
18
22
58
15
34
61
33
20
19
75
85
64
12
86
97
82
67
60
15
80
62
6
34
63
56
4
95
51
71
72
8
71
37
96
7
74
7
41
91
62
77
4
85
38
58
33
32
56
27
29
19
48
94
76
79
29
86
89
62
37
83
39
90
26
20
56
58
65
90
84
85
9
71
96
78
88
45
5
5
39
48
73
39
38
59
31
91
36
1
32
13
62
15
17
95
94
18
72
83
100
80
33
83
26
90
56
92
6
3
35
5
64
38
30
74
43
87
95
25
60
96
62
94
95
74
87
45
38
96
97
19
92
64
88
65
6
97
6
89
32
50
29
67
31
48
69
78
45
66
99
4
25
94
24
59
46
53
4
44
5
50
69
99
47
5
16
93
18
98
96
64
48
44
69
97
52
4
3
11
28
44
99
2
61
37
3
79
77
94
17
15
90
48
34
28
78
68
74
6
74
46
31
74
5
57
59
26
27
58
25
18
95
62
19
51
83
88
66
79
36
73
19
65
26
95
100
71
47
61
69
39
19
52
34
80
61
73
76
86
45
66
75
38
29
11
15
79
98
73
34
100
12
15
20
74
87
26
10
70
26
2
30
72
53
43
21
22
59
17
60
8
6
94
27
28
67
10
70
60
35
36
73
84
23
31
43
10
36
18
46
89
91
15
18
98
72
26
13
21
21
4
24
55
72
42
100
23
1
19
4
3
99
23
17
85
25
82
48
66
77
33
52
78
34
49
53
19
38
90
69
100
66
10
87
68
38
1
100
15
9
62
24
58
55
94
12
5
40
63
80
26
48
84
86
68
4
21
68
64
68
26
39
30
61
78
36
46
37
29
82
53
4
89
82
47
29
57
84
56
21
19
40
55
30
26
95
89
74
85
85
39
56
71
50
10
91
39
12
46
58
54
38
79
12
57
75
26
43
26
36
46
32
80
84
9
86
69
20
6
25
26
24
95
16
88
8
60
52
64
19
12
1
5
10
79
78
35
53
64
68
6
64
88
60
27
48
80
20
23
15
96
70
78
31
22
46
53
39
45
77
40
58
23
48
63
29
64
89
33
68
54
6
4
8
39
43
77
90
56
65
58
3
31
86
69
28
73
26
85
35
27
77
67
89
72
61
38
80
75
28
64
34
42
93
61
13
57
35
94
68
10
96
100
51
3
80
91
96
4
33
89
46
35
18
84
18
67
12
75
86
12
53
21
25
91
32
14
31
92
85
32
36
17
67
47
71
59
85
90
79
51
86
29
80
67
12
23
3
61
26
81
27
89
97
84
87
56
49
78
38
93
50
92
67
92
69
3
42
74
68
89
9
21
12
24
41
8
41
78
92
95
58
78
73
14
96
54
78
100
72
57
77
48
24
14
100
52
21
50
67
43
73
28
66
11
41
72
81
85
3
11
83
85
94
81
52
96
44
4
41
21
37
80
30
39
1
85
12
9
80
40
45
92
86
37
52
60
21
96
84
36
81
71
8
18
71
3
34
68
66
68
90
12
17
56
12
35
54
80
19
81
79
3
73
29
24
26
96
14
67
13
75
10
44
49
47
77
33
80
49
51
25
38
28
44
81
62
90
98
49
26
95
32
88
94
71
5
50
7
85
20
22
38
50
93
61
52
58
99
97
29
22
27
47
5
90
74
74
52
28
21
75
84
24
37
98
59
34
10
16
35
18
52
55
97
33
51
56
2
39
44
59
19
35
46
71
7
5
79
17
90
56
88
4
67
67
72
40
22
8
86
22
79
81
54
78
84
60
7
70
61
16
4
15
83
23
55
33
17
94
11
46
14
67
63
73
75
65
23
13
2
90
75
11
16
57
8
86
22
85
42
64
82
51
24
12
40
77
54
63
44
83
81
62
11
33
97
96
58
60
32
54
56
53
81
82
47
48
31
31
70
10
13
39
85
76
57
20
49
91
78
12
69
42
70
13
38
53
65
96
4
40
57
19
42
100
66
31
43
37
99
8
39
46
5
78
53
57
39
35
89
20
94
11
96
57
56
98
48
20
32
63
51
17
63
97
11
37
66
12
16
60
86
81
39
94
4
22
64
74
92
99
62
71
40
40
40
17
79
2
54
17
29
36
25
21
35
47
23
75
31
35
8
14
38
17
56
50
95
65
34
37
48
53
20
15
74
36
27
35
16
47
10
38
76
17
3
24
18
60
84
56
97
71
13
83
70
64
42
38
87
73
96
17
5
10
20
27
55
19
30
82
97
74
24
29
8
1
100
87
78
44
21
2
73
1
20
98
83
34
42
71
58
33
99
8
99
51
99
48
49
44
23
62
32
50
90
60
42
34
81
32
99
38
60
95
64
74
83
7
10
29
41
26
35
23
35
13
9
57
82
74
58
78
61
98
70
97
49
21
59
99
99
45
86
49
52
74
8
100
14
87
89
80
32
57
84
8
86
53
82
50
5
69
74
4
91
52
86
48
73
37
19
23
61
91
16
11
11
62
46
68
99
68
56
17
15
25
40
61
1
100
87
74
73
3
60
48
78
62
82
27
72
18
96
12
7
66
92
73
76
18
15
78
48
91
65
61
23
55
55
10
95
42
86
88
35
17
55
30
66
14
26
54
34
25
35
9
34
71
39
15
5
11
62
14
58
84
36
40
61
18
68
9
76
68
42
97
87
9
3
43
57
29
8
81
78
67
45
78
24
7
14
77
92
23
91
29
11
64
23
39
85
40
6
33
94
72
45
96
5
50
7
55
15
82
20
38
45
19
3
11
12
99
49
27
5
72
25
63
90
74
11
58
96
30
7
1
13
95
57
48
90
21
9
35
2
42
68
21
1
65
95
65
70
43
10
46
52
67
4
80
25
29
34
14
62
43
71
21
18
82
98
79
55
75
98
10
33
41
4
97
77
73
75
17
23
80
93
41
72
79
95
34
58
