159
52
97
110
97
55
106
66
118
73
23
46
56
68
67
97
105
135
61
50
139
92
91
142
151
60
128
95
84
78
107
79
21
136
18
121
133
75
88
134
152
71
146
91
121
34
20
98
97
74
80
16
65
162
112
48
54
69
78
122
163
60
153
105
116
107
48
66
145
57
143
73
46
135
154
164
29
60
119
155
146
36
152
140
15
151
21
73
80
118
77
95
24
129
153
107
74
30
36
30
129
34
164
113
52
115
23
152
51
164
17
99
163
116
126
160
118
115
46
152
150
42
156
124
103
84
56
72
158
157
63
27
82
157
35
20
90
26
84
53
109
133
105
72
163
80
108
128
58
33
100
55
154
45
138
108
110
16
95
39
67
142
57
105
18
88
77
77
70
90
47
20
90
50
15
90
138
101
95
88
153
125
97
78
145
164
25
97
126
105
63
126
26
77
42
46
17
91
31
142
91
65
163
138
58
113
163
89
121
162
98
92
75
151
146
130
104
57
130
90
73
159
118
146
124
75
130
145
156
49
25
100
83
111
25
94
49
47
25
162
134
111
149
96
153
109
46
44
53
45
46
24
131
92
134
161
128
39
94
82
37
30
83
51
81
37
101
78
51
44
58
74
26
44
44
57
162
60
158
92
47
78
47
94
138
133
135
21
89
66
40
81
142
129
119
84
98
98
161
80
24
98
45
29
100
133
33
52
108
146
68
22
66
94
139
65
81
32
17
144
87
140
51
153
90
60
117
91
21
17
136
115
112
122
47
115
120
33
34
147
140
43
139
93
79
117
29
121
20
95
58
82
160
17
34
132
64
123
51
64
152
152
118
46
133
109
22
85
18
137
95
148
56
102
96
44
155
92
53
102
53
161
116
122
126
34
40
43
38
116
145
139
141
150
99
33
164
24
97
83
22
160
139
139
47
131
57
47
162
52
26
126
15
115
62
80
36
25
34
60
87
85
111
63
47
35
39
130
110
36
121
52
92
161
48
159
124
161
90
55
102
31
84
51
121
141
107
75
68
57
146
54
138
57
87
64
90
134
135
61
63
39
153
82
121
111
83
67
35
44
117
82
26
155
67
24
139
108
105
150
159
163
58
73
51
112
102
97
146
148
62
91
96
107
95
43
42
87
143
45
121
154
153
70
150
34
136
15
105
46
107
70
123
111
82
115
44
47
35
31
20
47
66
128
97
94
104
157
115
59
109
81
106
160
128
99
99
124
78
143
25
60
41
68
106
107
29
82
106
119
60
28
64
115
136
66
85
157
148
109
47
18
81
106
31
93
52
27
142
142
147
136
61
133
39
119
32
42
55
81
43
35
74
53
31
126
112
17
124
137
48
145
109
136
45
147
162
102
66
75
62
61
147
29
162
110
42
157
131
117
54
152
162
72
71
22
61
59
141
125
112
156
154
101
33
65
34
88
54
94
80
92
15
92
48
152
23
29
50
30
158
19
133
43
48
137
94
146
65
100
106
122
67
67
113
132
52
73
22
52
38
164
46
67
79
105
42
102
138
30
110
88
154
67
80
62
73
66
85
101
35
84
156
121
146
136
74
118
20
121
160
85
50
161
126
65
137
143
36
153
43
158
31
164
31
15
62
29
93
109
61
39
98
17
62
98
103
110
126
159
81
21
142
163
151
43
136
67
98
59
80
158
34
51
50
86
110
124
19
55
136
105
38
146
160
51
121
154
134
126
76
65
162
91
120
99
29
115
92
132
156
110
88
132
88
19
28
87
36
36
135
162
73
36
133
72
29
24
139
73
109
153
21
74
114
36
144
77
41
115
27
157
38
70
40
127
161
50
33
37
135
78
160
95
80
33
114
58
33
112
109
114
41
78
46
110
38
125
98
36
43
124
160
121
88
43
79
143
79
69
65
79
108
53
106
61
86
104
27
152
24
148
16
44
149
121
116
137
42
154
122
128
59
21
46
64
137
109
36
76
60
71
115
90
161
22
91
20
159
62
118
56
65
39
141
147
45
98
160
84
47
94
16
21
81
30
160
109
62
155
52
154
83
150
110
85
75
75
61
49
27
82
37
64
110
72
49
38
73
58
27
126
70
27
41
40
64
91
78
64
86
50
29
62
36
111
52
61
109
132
161
150
143
102
36
86
20
51
156
50
125
74
100
88
99
123
99
93
107
32
135
122
58
152
28
52
57
20
38
21
147
89
82
103
78
155
99
65
64
122
47
116
153
55
131
92
158
48
156
135
66
74
130
87
128
52
96
141
157
46
21
43
78
145
102
88
111
143
160
122
112
145
122
34
108
58
72
46
106
67
97
68
109
16
160
145
104
63
132
98
38
33
55
79
62
128
66
15
151
97
62
148
59
139
134
74
78
31
40
62
69
79
77
133
112
121
148
21
48
36
97
67
141
15
133
103
89
41
44
77
46
29
150
25
144
27
160
121
156
45
21
15
24
44
150
137
133
80
157
122
163
22
103
30
37
18
58
131
23
61
140
144
82
109
102
42
101
162
118
52
48
113
63
43
154
139
90
62
33
114
138
18
114
66
95
53
152
45
104
143
130
119
29
102
20
144
51
144
150
91
59
156
65
51
51
32
50
64
152
124
29
18
18
112
32
43
17
122
81
106
60
34
147
117
32
67
119
139
90
119
75
58
58
86
61
116
126
32
48
23
68
107
86
42
128
47
69
128
18
20
90
131
119
53
41
32
135
48
94
140
115
124
140
147
139
105
49
46
88
124
57
106
25
92
96
151
164
148
127
104
98
134
105
67
148
84
51
65
86
89
69
122
159
46
89
52
82
114
111
71
37
162
63
141
44
21
95
85
139
52
78
61
81
56
85
21
51
162
16
63
138
155
56
63
162
106
140
102
25
66
39
29
152
162
90
52
131
45
69
50
19
83
30
76
90
68
141
132
160
123
98
46
27
47
86
52
73
143
60
55
51
128
75
155
56
116
28
90
26
22
93
93
150
102
164
85
149
117
85
39
27
48
35
155
82
117
64
137
151
138
84
43
110
118
22
114
22
163
111
62
39
83
64
123
71
54
28
97
125
24
67
27
94
141
87
50
132
59
118
63
91
33
62
45
131
34
59
22
111
25
80
90
114
55
66
112
66
99
103
133
159
34
54
120
99
41
65
140
92
144
88
92
147
23
156
158
22
28
83
152
103
148
34
60
145
107
22
40
47
31
111
63
84
54
93
101
80
131
48
150
145
88
94
64
37
152
64
146
156
103
140
81
62
24
112
160
16
93
141
19
136
82
66
77
81
120
161
34
54
25
94
124
48
62
101
144
138
79
86
77
95
159
148
119
42
146
73
105
138
126
44
15
74
121
154
145
20
16
56
57
45
97
129
125
144
87
117
110
16
100
126
107
49
74
105
79
124
109
107
48
68
142
34
48
20
81
60
111
42
118
71
74
138
47
31
108
145
68
126
24
149
91
85
141
129
118
28
37
49
45
34
30
18
107
144
135
45
128
121
128
124
31
61
80
131
53
45
145
62
163
63
41
81
149
138
135
83
63
95
76
80
141
39
63
150
97
137
119
104
122
125
80
138
112
41
76
118
16
43
75
116
139
122
109
65
66
146
138
117
117
57
63
110
53
103
113
60
135
131
138
45
153
97
87
90
33
76
18
63
33
164
100
97
123
61
153
50
43
163
70
107
114
49
77
149
149
58
102
100
45
65
73
118
82
69
158
103
78
58
106
156
15
149
66
95
29
31
149
44
88
77
134
52
74
87
109
106
97
143
115
35
113
107
96
157
150
38
17
134
80
120
60
15
92
54
128
86
84
99
84
75
57
32
69
105
58
45
113
54
35
85
31
139
119
44
46
158
144
114
31
28
41
35
86
17
151
111
111
137
31
115
101
35
24
150
94
52
67
130
81
83
131
31
102
77
69
59
44
139
81
106
63
62
51
157
70
126
164
21
96
68
28
54
90
158
99
131
82
19
113
39
19
40
31
155
63
78
56
53
101
44
50
40
22
25
79
148
26
95
108
80
158
33
79
104
56
45
125
91
124
24
43
101
101
61
140
158
81
45
163
47
56
132
71
119
147
134
110
140
112
20
63
104
128
103
104
41
79
116
17
97
85
162
140
63
114
86
100
157
92
45
100
22
158
47
159
122
126
44
25
136
101
23
57
32
153
29
50
136
16
107
135
23
90
80
119
157
141
162
143
111
76
98
85
102
29
36
112
36
54
135
103
50
79
122
91
118
87
91
32
155
134
151
51
60
156
138
101
112
80
32
94
29
67
144
105
17
72
99
97
128
84
145
76
85
133
145
56
116
121
42
72
46
130
97
44
55
153
57
136
143
101
118
51
74
57
56
118
113
60
72
67
154
106
89
164
92
79
124
139
143
103
33
163
60
148
68
90
85
108
157
57
39
93
135
58
98
76
129
142
137
16
62
116
107
70
161
46
26
121
133
59
91
92
79
81
163
20
152
89
27
98
81
119
80
42
144
118
116
24
120
84
23
78
150
126
99
43
79
124
132
58
155
148
117
53
156
128
84
54
139
125
60
19
105
32
46
153
144
84
72
125
115
52
103
107
148
46
133
161
115
120
124
17
150
66
124
36
50
117
150
58
35
17
154
162
88
125
62
109
152
48
84
82
88
107
18
72
135
62
65
155
62
112
45
33
144
105
31
93
124
44
60
49
22
106
46
158
109
157
130
161
15
163
135
64
100
53
54
38
133
52
47
126
39
109
122
110
71
130
77
86
41
39
96
102
153
132
162
68
89
103
146
17
20
50
95
75
75
162
124
22
118
131
113
157
136
109
52
23
91
55
118
132
59
71
118
82
80
93
163
16
54
85
116
153
27
46
85
122
80
142
135
56
75
35
99
102
91
53
131
54
51
63
153
26
126
123
107
22
25
102
88
149
135
43
92
28
157
90
127
110
26
83
92
124
81
33
55
24
60
106
16
123
33
104
146
69
55
116
129
77
142
115
33
40
152
37
161
74
151
144
130
83
18
101
91
144
133
91
89
69
71
81
76
147
39
39
33
113
39
17
52
77
51
15
16
81
140
139
159
131
125
50
65
44
136
163
47
129
162
111
102
69
117
105
83
142
161
119
62
16
150
135
43
163
78
20
26
56
158
63
36
164
164
33
28
118
107
102
61
98
81
63
161
90
139
110
34
61
45
148
126
111
35
100
52
103
122
84
120
162
141
35
94
122
99
29
39
156
64
116
75
163
25
158
156
119
37
127
122
123
35
39
32
83
137
140
86
159
61
85
97
104
85
43
74
132
71
111
30
113
142
111
16
60
27
147
96
81
33
152
129
123
111
103
104
119
113
133
72
32
47
49
112
42
122
34
75
132
90
47
19
33
107
126
121
63
28
22
148
50
158
64
71
132
57
28
32
154
136
55
51
98
87
115
132
63
28
143
161
140
69
99
22
50
84
44
108
143
81
144
102
45
85
18
122
42
125
143
148
51
132
163
116
130
113
83
26
152
127
55
157
110
60
55
154
146
109
101
26
54
137
62
85
164
46
136
127
33
81
25
46
118
109
16
86
160
89
53
139
37
123
69
79
130
65
101
16
83
29
69
102
66
21
70
105
152
137
76
55
42
90
137
89
16
74
82
115
25
155
49
114
135
77
83
157
50
40
83
68
131
34
134
18
79
45
100
88
67
113
145
37
15
137
57
102
100
129
82
142
152
58
132
140
127
68
125
143
56
90
153
44
26
26
163
29
129
159
154
96
69
112
49
143
41
88
42
51
100
16
77
124
132
122
101
142
124
41
23
153
72
95
101
101
70
79
52
163
28
39
25
138
105
82
77
44
79
91
85
15
88
44
84
163
33
156
129
62
68
143
160
52
110
125
81
52
21
38
116
70
96
112
99
17
85
127
76
66
26
103
53
41
139
97
37
62
90
47
89
23
73
48
163
72
49
144
18
148
116
46
20
96
122
68
103
115
85
157
111
25
111
70
16
34
16
47
82
126
149
89
120
82
53
121
33
123
55
56
106
86
30
70
136
154
23
114
132
111
147
164
114
59
140
131
162
144
107
32
159
50
35
159
19
19
136
60
117
33
141
77
142
158
130
55
102
122
85
159
75
143
111
89
21
136
116
122
153
129
139
42
72
87
112
117
37
67
67
139
59
137
56
103
97
40
56
125
104
145
39
89
112
56
87
32
93
58
156
154
160
114
38
130
49
163
83
105
49
26
147
82
41
91
122
18
128
17
52
62
109
54
131
84
66
30
63
40
81
102
143
40
150
35
68
62
135
70
75
127
120
67
112
68
117
133
153
29
25
144
74
30
25
39
124
63
131
61
151
90
70
41
161
102
93
16
113
63
79
160
111
117
52
71
148
137
28
128
61
148
42
49
139
129
57
153
139
78
140
61
122
106
20
162
71
72
71
44
46
87
149
111
69
48
23
57
142
72
106
147
50
159
122
112
114
146
41
153
39
134
73
160
28
162
86
67
30
123
115
118
134
34
44
139
133
74
65
49
23
76
120
42
99
69
56
152
139
86
23
127
36
56
151
139
108
129
79
59
134
144
88
149
129
156
87
149
77
116
19
128
140
133
99
102
84
151
129
78
40
142
125
118
157
138
65
102
135
102
16
22
113
100
46
34
55
140
60
117
84
77
146
72
23
153
157
97
82
122
158
145
124
105
145
68
24
31
50
131
150
118
108
132
102
125
43
82
116
41
24
68
113
98
104
83
45
164
44
158
117
159
58
40
75
157
95
121
42
68
35
141
37
64
30
110
109
66
122
115
63
42
126
82
44
107
80
55
99
83
88
56
90
153
158
106
117
60
30
45
60
79
42
56
25
65
33
160
110
94
45
112
78
110
145
44
160
149
149
75
137
128
75
148
53
50
41
54
137
19
63
50
29
39
164
34
37
18
143
146
46
24
105
142
59
133
125
29
23
152
129
62
128
67
118
130
63
81
137
115
24
99
111
146
89
158
135
127
129
59
148
153
140
156
32
31
138
98
145
128
87
39
62
49
64
154
61
69
78
125
38
125
65
113
142
130
102
105
140
127
50
17
70
44
66
63
33
119
34
154
128
155
40
18
144
46
148
154
121
119
38
16
159
150
162
161
145
71
117
74
152
48
63
109
78
94
98
112
70
102
100
117
135
147
42
15
85
90
121
55
66
131
134
32
139
100
149
146
150
72
125
80
67
52
132
16
134
17
48
25
77
164
150
59
100
150
48
45
162
41
131
64
86
49
70
76
119
125
139
89
125
77
149
51
26
102
61
105
132
132
44
25
61
45
130
32
48
41
70
18
53
157
131
46
47
42
150
88
120
157
161
18
66
161
74
101
16
115
114
135
68
161
141
72
96
100
71
137
56
139
21
30
115
59
71
48
131
72
18
52
51
82
136
54
128
112
113
94
117
143
20
93
104
22
124
36
47
136
85
22
94
56
52
101
146
133
124
108
16
104
122
39
51
102
34
84
33
98
112
145
31
144
126
31
68
53
95
54
90
100
92
75
63
128
25
90
135
124
54
109
48
52
74
129
132
86
82
65
25
17
90
109
154
91
26
82
34
73
48
33
64
43
42
99
162
40
77
100
148
160
117
109
39
57
44
85
144
157
91
75
61
95
70
152
132
123
83
63
52
139
86
77
58
129
18
128
97
39
158
29
106
21
48
121
66
61
90
100
89
116
39
92
83
161
96
19
150
122
139
21
55
131
69
67
146
73
80
76
127
79
78
45
46
87
43
69
94
15
132
92
163
106
76
116
37
17
132
133
22
92
60
60
112
129
52
16
147
131
145
33
45
58
20
58
122
85
123
92
101
120
108
83
98
108
128
29
71
138
160
32
100
111
20
60
107
79
163
19
32
161
56
134
153
93
57
128
40
110
133
127
74
63
164
162
27
83
132
88
26
19
156
146
141
34
73
34
69
90
66
87
63
81
138
30
164
77
148
159
38
45
87
135
61
88
143
41
46
144
160
113
163
153
105
159
140
124
61
68
82
27
112
18
70
63
139
37
100
29
19
77
94
63
92
60
93
150
149
147
113
18
132
52
126
146
60
108
20
72
159
154
79
35
123
62
121
15
162
77
29
31
144
55
78
115
164
132
154
161
109
47
129
48
15
143
44
22
77
27
97
160
113
55
135
53
27
110
20
149
134
153
127
50
48
15
91
61
81
149
38
126
114
69
64
126
59
60
22
68
50
64
87
54
157
110
36
116
63
136
52
84
61
116
45
97
108
75
88
134
23
154
138
158
51
102
111
25
23
43
114
109
24
52
100
43
21
131
89
95
135
69
109
95
19
67
97
129
87
131
141
94
47
95
28
90
28
89
141
53
85
125
43
28
100
154
20
54
84
129
25
69
103
147
58
138
38
44
97
131
111
73
140
64
58
125
78
16
74
103
78
108
143
134
145
19
76
53
127
66
148
31
33
145
103
121
139
124
18
52
30
92
21
46
132
66
103
38
114
128
38
17
29
113
50
41
115
130
28
128
102
106
68
41
33
153
18
137
64
71
136
126
157
164
130
143
90
27
119
93
54
132
121
106
140
44
41
45
31
142
26
117
18
131
105
127
36
140
22
159
87
150
86
134
113
110
52
134
35
140
154
75
139
57
94
38
43
136
142
93
67
84
34
67
27
102
126
153
97
142
121
27
26
15
164
65
138
140
128
139
28
48
39
44
157
53
56
150
140
90
73
38
97
42
157
123
74
92
36
47
145
154
32
158
113
119
133
59
98
137
34
132
61
28
132
73
38
69
29
71
77
104
79
133
82
146
19
50
105
132
97
158
162
122
140
27
84
77
81
19
46
113
130
88
135
100
16
21
53
24
40
69
104
154
162
68
51
152
126
151
161
96
92
144
91
141
106
143
112
51
110
163
61
109
146
164
66
85
71
93
142
18
91
45
67
50
86
139
109
111
124
115
62
74
16
158
85
76
50
158
117
87
72
115
139
134
155
164
90
143
92
90
33
122
15
60
99
140
30
55
42
17
89
155
21
28
63
109
45
127
129
161
23
82
84
133
106
132
79
103
150
150
41
49
140
66
122
156
139
95
74
36
158
106
55
84
103
92
46
27
90
82
151
67
47
88
32
121
30
148
145
47
121
17
83
159
117
155
80
52
89
135
24
148
60
131
33
79
19
151
58
143
22
102
124
90
129
58
19
32
67
74
161
144
70
39
72
131
125
128
86
93
16
41
23
117
164
31
63
127
157
71
113
131
22
53
99
47
145
77
91
159
42
35
46
96
110
87
108
92
61
151
121
121
84
154
150
95
96
35
156
121
102
99
134
19
37
62
38
62
163
27
157
111
118
60
87
15
137
37
92
23
154
55
149
50
75
15
59
101
135
53
124
128
41
116
126
96
103
77
35
98
133
47
95
76
159
97
36
115
51
82
68
131
112
101
44
161
150
34
150
108
139
157
46
106
106
118
77
104
107
51
113
130
65
127
45
27
22
59
50
148
26
38
148
63
100
137
163
97
147
60
85
159
160
46
21
103
58
139
64
121
35
16
65
52
94
33
139
158
39
59
157
69
52
35
28
106
109
149
150
144
112
73
32
81
42
53
110
47
53
59
79
124
108
53
76
81
134
34
118
163
39
84
71
145
129
42
40
19
109
88
37
143
125
27
159
127
113
84
19
19
104
53
54
49
55
138
41
134
21
149
42
49
58
155
89
50
38
33
144
161
92
40
19
96
157
23
151
158
115
100
157
117
15
22
70
31
77
36
111
158
135
50
127
90
31
76
77
95
58
41
152
101
153
139
127
56
118
70
128
71
109
33
49
57
123
117
150
84
42
120
86
33
123
34
30
66
125
120
139
99
61
100
146
115
154
55
86
57
91
35
88
99
87
39
71
162
110
95
96
120
71
143
40
124
50
98
117
39
63
102
131
93
154
68
29
27
35
33
107
79
156
82
150
111
54
43
85
136
112
71
110
154
117
132
81
66
85
92
65
119
129
138
111
18
150
97
15
30
148
158
73
52
95
96
77
146
158
67
50
124
62
98
102
96
18
132
157
132
87
62
60
115
113
95
65
53
135
84
107
46
144
116
105
48
43
44
33
82
105
144
77
21
124
88
84
34
53
132
39
99
114
35
73
127
97
127
142
90
16
60
62
30
137
37
119
59
123
76
40
94
107
127
75
151
106
74
157
95
23
24
101
89
81
131
82
119
73
45
155
132
158
21
144
150
110
28
26
110
115
63
57
102
73
130
25
49
125
57
82
59
27
60
34
110
50
126
25
135
51
84
32
146
110
91
111
117
105
44
108
120
66
68
112
154
39
105
149
120
90
35
87
46
72
137
142
75
104
89
95
106
54
45
152
89
69
127
47
43
157
96
91
87
40
114
157
95
27
60
64
42
146
80
64
45
24
27
137
161
118
20
18
132
155
131
67
131
125
105
25
139
108
43
50
18
49
129
123
25
99
16
73
52
81
146
154
88
39
87
57
160
161
110
24
64
93
27
113
158
158
104
108
157
62
27
156
46
27
86
154
48
148
145
93
23
140
65
15
151
142
61
38
60
35
156
51
16
130
101
57
72
51
17
90
56
128
43
158
134
139
26
129
54
21
51
124
77
67
28
85
95
137
22
110
71
54
47
38
20
153
111
31
115
116
55
25
122
52
148
101
116
78
121
130
139
136
40
151
35
136
64
25
100
150
145
34
81
62
151
108
163
150
34
159
45
31
88
39
59
80
101
33
73
51
24
37
162
33
18
86
105
119
141
52
82
25
71
82
59
131
78
33
16
134
43
63
141
87
72
37
81
67
100
53
153
146
55
65
95
113
89
49
109
94
20
67
46
87
111
49
33
109
40
89
45
101
67
62
144
62
65
38
84
116
54
89
123
48
30
139
103
114
131
82
93
87
31
153
31
163
82
103
118
92
144
153
70
23
138
160
43
77
129
106
57
60
82
20
161
133
65
58
66
27
15
53
81
57
104
81
89
122
134
23
122
43
20
33
146
35
29
114
143
155
124
161
82
28
19
134
31
52
86
140
37
147
158
51
159
60
21
38
155
16
114
127
98
44
144
131
147
50
124
148
120
102
128
138
71
151
138
119
105
54
107
114
139
110
15
58
155
159
15
51
96
104
20
134
24
137
40
55
127
24
80
50
69
36
162
21
138
154
130
50
162
94
110
139
45
74
59
126
100
68
53
43
113
159
34
16
128
55
126
109
124
93
79
106
82
49
86
72
110
36
54
55
31
33
108
70
154
128
47
121
127
30
61
84
114
21
154
135
48
31
145
123
148
15
156
125
18
53
141
50
131
36
134
24
120
19
89
106
95
51
28
120
111
90
29
68
33
30
153
68
128
160
32
122
60
133
30
147
62
125
