65
56
41
40
67
58
69
17
56
62
17
58
17
59
44
36
16
49
72
43
30
27
26
4
57
22
18
60
20
31
29
60
71
26
66
32
67
62
39
33
17
43
72
33
31
5
26
36
44
18
17
53
73
45
10
49
26
46
59
21
25
6
35
22
20
40
47
57
64
32
30
37
64
68
18
33
33
28
25
34
4
10
37
56
51
25
38
41
6
44
67
8
55
31
53
12
73
21
49
64
67
50
8
30
17
29
18
13
19
37
34
22
34
44
51
50
72
16
67
72
32
13
46
39
34
36
5
69
12
61
7
24
6
11
9
23
53
32
10
22
67
61
27
68
38
38
36
65
63
37
13
67
33
14
35
40
43
72
35
6
20
56
37
59
13
41
59
6
71
63
22
15
4
9
21
37
44
72
70
14
57
10
41
38
63
55
7
19
61
6
26
63
68
46
68
13
32
21
60
66
7
26
6
25
56
4
38
37
27
47
34
44
19
68
19
7
52
71
4
35
67
9
56
17
24
25
43
29
62
49
20
36
9
4
59
12
57
39
62
35
24
56
40
7
32
35
59
11
68
52
72
53
27
6
13
4
56
38
72
27
7
60
43
10
10
55
11
6
71
64
26
59
55
5
31
58
17
50
10
65
35
56
10
31
33
53
16
29
6
25
44
26
33
46
41
20
16
17
23
53
47
29
26
55
71
22
27
12
20
11
26
58
26
24
41
10
41
40
73
43
43
24
23
8
25
64
29
22
57
33
9
44
61
7
59
56
47
43
48
55
41
22
26
32
23
37
32
25
46
32
38
45
68
46
34
72
54
66
20
38
22
50
56
53
5
56
56
9
32
40
41
68
6
16
23
44
31
27
64
27
65
71
5
64
48
39
5
46
9
16
72
30
70
23
20
52
5
34
14
38
72
71
44
13
50
26
34
56
12
68
40
37
69
65
27
10
21
5
8
28
24
33
7
5
72
11
49
8
5
54
58
35
10
48
17
70
33
48
22
50
36
53
72
29
73
48
49
41
48
68
27
31
13
53
56
72
63
66
10
57
8
50
50
28
9
28
35
6
68
73
54
14
38
17
58
49
24
33
12
29
37
68
20
6
54
6
49
18
67
14
43
67
47
64
39
12
35
26
16
46
6
56
70
28
9
64
36
71
5
22
35
35
10
12
6
6
31
10
28
26
21
10
21
65
38
51
35
73
62
55
16
70
63
44
4
4
61
21
72
72
14
40
59
17
36
53
23
32
60
12
32
12
60
70
4
41
72
62
18
46
13
43
66
23
66
50
5
14
27
31
23
68
63
39
66
59
42
70
34
29
17
22
45
26
55
35
12
62
17
18
17
28
73
47
10
63
39
72
35
68
51
35
18
12
64
32
41
50
57
29
67
41
72
5
22
41
69
48
20
39
55
65
15
61
28
71
6
25
49
69
59
56
12
42
45
4
32
37
12
11
65
15
11
35
43
70
16
46
5
62
53
17
47
30
70
56
38
34
53
20
53
22
24
52
10
6
47
18
4
37
48
22
69
72
73
21
35
51
32
72
26
69
4
48
25
27
34
72
9
35
32
8
63
9
11
10
32
57
37
4
69
24
57
23
47
62
50
49
39
15
41
42
23
69
35
23
16
15
69
64
52
14
43
12
26
20
49
32
59
57
16
70
45
69
21
60
58
24
27
16
45
11
13
51
6
49
26
5
11
18
48
54
31
50
54
72
20
5
11
31
42
15
55
58
26
47
50
46
16
72
40
47
26
58
38
27
24
58
69
21
32
70
28
58
52
57
70
9
40
66
27
33
43
26
38
45
30
23
14
43
47
19
35
57
16
68
44
54
35
15
23
12
66
51
50
11
54
46
26
42
8
54
69
15
40
16
54
20
22
15
53
61
15
7
56
29
60
7
18
69
65
23
52
10
25
12
8
5
45
65
55
24
15
6
44
32
33
69
42
73
15
61
39
20
50
30
29
27
49
66
41
73
46
7
62
54
72
48
44
47
14
9
73
31
23
51
46
21
22
70
6
35
53
20
45
10
47
36
57
21
49
14
58
13
9
58
73
50
48
36
36
45
58
15
9
45
69
52
63
33
4
64
41
50
5
22
55
4
15
46
29
7
33
36
17
20
29
40
41
4
45
20
25
23
50
23
56
23
68
32
54
66
66
72
28
46
72
23
46
13
30
14
16
6
43
51
18
48
35
41
49
56
12
61
20
73
16
69
24
35
55
59
45
62
58
70
44
56
50
14
16
44
59
43
59
7
16
24
71
9
61
8
29
45
11
29
37
45
39
23
47
13
25
8
26
50
5
45
18
9
16
30
31
13
22
7
41
70
55
18
5
5
30
26
56
6
64
44
13
22
46
51
43
4
67
43
11
37
28
13
43
12
47
39
73
15
66
14
64
29
11
56
21
9
37
61
36
42
27
21
15
46
28
45
32
12
30
65
45
47
9
39
59
35
30
61
57
64
34
53
11
49
70
62
13
60
28
64
35
18
36
14
54
72
72
45
56
14
42
15
17
47
53
6
66
26
46
22
62
45
55
11
30
8
18
39
17
55
47
22
71
32
61
70
48
72
51
54
39
47
70
58
51
22
39
26
52
42
73
46
34
50
47
54
54
24
73
51
49
39
19
36
59
69
35
46
19
27
47
9
18
41
58
13
5
73
44
31
24
53
56
64
53
21
62
43
43
16
45
6
38
40
37
50
57
19
9
65
21
69
4
47
46
22
5
61
37
43
9
9
51
38
69
72
66
40
33
27
34
45
63
32
44
45
38
37
35
68
35
12
22
15
44
24
36
43
73
72
69
63
49
50
43
32
66
56
53
16
18
41
61
59
54
12
16
71
50
46
21
47
70
28
11
32
17
25
44
4
72
62
34
6
18
58
40
51
7
72
7
8
47
72
33
58
7
61
49
45
47
65
41
70
41
40
51
68
62
54
13
38
17
51
12
70
65
42
28
29
66
69
62
11
52
35
40
10
54
33
31
45
24
42
15
58
60
12
69
68
52
27
17
14
72
65
21
55
18
70
54
62
22
71
14
43
31
54
53
53
66
28
10
8
22
56
25
64
36
64
20
59
49
49
45
31
22
21
40
50
54
38
73
29
63
37
53
32
14
51
58
27
49
4
15
5
30
28
27
38
65
66
58
57
64
27
67
26
17
56
54
25
42
12
29
9
70
10
36
7
49
65
70
61
57
41
34
51
45
63
10
49
5
67
37
49
60
54
60
20
17
20
40
67
38
23
19
10
35
8
36
20
64
12
21
69
60
61
16
71
9
59
34
17
41
64
64
70
22
46
48
43
7
46
42
4
17
31
60
67
14
70
11
24
25
40
19
21
33
51
20
21
43
13
68
36
18
51
37
13
67
34
13
66
33
19
57
23
47
36
5
12
18
41
33
37
51
50
64
36
70
27
44
26
70
12
62
73
40
23
26
21
64
42
44
28
41
34
6
55
60
71
43
23
67
4
61
60
41
5
60
58
19
20
68
52
16
22
32
47
46
72
49
50
50
57
6
17
11
36
70
5
64
73
26
5
55
31
68
61
33
55
53
52
48
70
57
10
23
45
26
52
25
68
73
19
32
22
71
46
42
43
70
9
12
49
71
43
40
16
55
69
10
40
71
67
37
37
41
14
58
16
36
51
47
70
35
37
14
45
69
66
31
25
45
6
52
53
63
23
8
26
10
57
10
64
50
47
37
48
12
40
25
69
67
63
25
48
18
23
48
8
60
55
6
22
19
26
13
34
9
49
61
27
17
64
41
41
53
68
52
68
41
72
29
45
13
33
58
44
22
48
12
23
69
60
50
59
58
4
38
61
67
33
69
58
49
50
15
17
26
41
36
30
64
8
43
73
45
56
18
69
42
52
46
4
58
49
33
18
62
38
36
70
29
71
37
64
37
48
45
36
47
61
62
68
40
57
61
42
29
68
71
20
12
11
20
19
49
56
67
13
4
27
67
43
10
4
73
36
49
56
65
4
51
71
13
56
54
37
11
12
18
39
19
34
52
45
71
34
64
64
59
8
39
31
43
9
40
36
20
16
46
16
27
10
44
36
52
15
13
29
18
69
56
45
59
17
36
56
33
26
71
47
66
24
70
19
7
47
15
50
16
64
24
17
41
20
71
61
73
36
64
57
64
64
8
8
28
36
10
10
16
37
23
32
19
72
38
48
8
36
24
53
21
21
14
31
45
16
45
41
5
20
52
72
9
4
28
13
57
18
73
30
9
44
58
32
42
38
16
50
63
50
56
12
68
62
52
11
55
7
31
26
54
62
41
23
60
29
67
17
55
41
63
17
68
48
11
71
6
11
34
48
73
72
14
62
28
13
72
11
9
67
41
43
70
12
11
13
54
70
35
52
52
71
32
56
31
46
65
18
17
57
5
42
25
71
15
20
37
7
49
42
52
28
71
9
35
32
69
54
29
72
41
44
65
70
35
68
20
20
19
64
9
18
7
53
12
29
17
51
23
42
6
15
61
40
72
5
19
55
42
53
35
32
29
56
62
52
15
48
49
12
47
27
59
33
26
46
57
60
18
7
18
46
38
48
40
24
20
14
8
30
70
17
44
54
53
62
68
18
42
26
68
7
71
9
7
11
70
6
18
50
63
55
5
28
13
31
27
56
67
24
33
38
26
5
68
70
19
22
24
48
25
63
33
41
59
19
24
51
16
38
16
14
65
57
59
38
55
37
37
63
11
5
37
19
71
19
37
67
63
39
72
52
58
37
54
55
71
26
54
21
36
57
22
60
51
18
10
7
59
55
71
32
43
53
30
60
43
59
28
53
51
49
21
47
20
22
72
34
27
43
65
11
60
61
36
7
20
62
46
16
73
24
24
24
45
50
67
15
46
55
27
44
62
13
27
9
36
42
51
35
69
6
22
20
28
70
65
13
15
6
58
33
65
17
12
66
18
49
24
45
11
20
62
61
59
62
20
44
35
63
36
15
15
27
23
18
19
14
52
21
13
71
69
10
51
30
32
59
47
42
17
55
43
19
68
12
62
23
62
68
37
61
29
28
34
33
37
27
47
52
35
68
36
69
35
72
41
64
46
56
65
35
14
65
17
7
50
4
57
22
32
9
30
51
18
24
67
54
72
70
11
8
34
50
4
13
24
18
61
16
24
66
59
54
5
26
28
46
58
53
4
41
9
16
5
52
19
9
47
37
13
9
24
8
39
66
21
35
60
39
65
7
65
16
16
43
68
21
24
36
39
8
53
69
65
62
13
5
5
18
56
24
43
21
42
16
4
73
51
51
50
40
61
25
53
9
18
56
19
48
11
33
45
67
28
45
54
54
26
57
56
30
12
7
21
52
17
19
4
60
33
68
17
46
59
15
25
42
11
39
67
36
66
22
59
35
33
37
69
23
25
24
37
47
13
69
5
43
60
16
58
15
10
21
62
48
22
43
72
21
14
62
10
24
25
55
28
16
35
18
59
66
39
61
65
42
53
63
24
53
57
31
42
67
69
44
67
20
56
67
39
72
58
68
70
68
19
61
69
57
19
10
31
8
55
16
15
8
48
68
70
30
14
63
33
67
15
65
48
19
50
72
23
28
4
63
48
29
50
20
52
33
24
28
67
6
26
68
19
6
13
35
43
35
58
67
52
41
43
42
31
19
40
14
42
61
17
45
56
16
10
14
48
26
51
51
60
44
24
44
5
39
49
68
64
56
44
11
19
23
36
7
19
48
23
62
70
60
67
22
61
64
60
21
18
36
71
9
47
5
71
27
26
68
68
31
32
46
15
23
21
46
52
65
45
59
6
11
26
18
11
39
16
44
50
67
15
48
32
60
57
41
50
52
42
58
21
8
40
62
49
4
27
17
10
50
31
30
65
54
54
10
47
24
70
21
9
57
50
50
41
54
51
55
60
50
73
35
11
14
40
54
58
15
44
16
8
45
18
11
10
21
56
47
55
63
38
51
18
33
47
73
63
58
18
35
13
5
14
18
68
69
13
36
20
62
10
70
34
9
62
50
40
42
6
23
21
65
63
10
31
37
25
30
59
60
23
54
21
63
40
47
10
16
20
56
18
34
59
69
46
51
73
61
18
32
10
27
42
8
51
62
68
57
19
71
7
46
52
16
30
32
30
8
28
48
55
46
24
9
23
59
66
18
33
69
26
43
25
40
10
54
18
32
68
62
15
40
4
14
30
43
32
15
6
49
26
71
61
43
39
18
13
57
16
16
5
43
25
58
21
6
8
63
50
52
49
55
47
70
37
13
50
39
17
10
19
15
20
59
30
69
51
37
31
30
56
36
36
32
23
32
19
50
28
23
60
31
67
5
26
9
56
60
72
43
4
24
56
41
13
8
52
39
4
65
18
23
32
15
69
38
47
71
5
26
48
19
52
59
57
69
13
50
56
72
54
43
29
54
32
26
6
46
33
28
67
9
69
31
65
62
9
45
73
13
4
52
69
67
64
58
37
73
15
50
48
21
31
13
8
27
17
44
43
8
57
70
10
12
21
26
31
61
25
64
30
71
30
19
18
43
41
6
60
54
8
56
34
47
70
38
30
29
49
70
55
65
67
40
69
20
53
73
43
70
27
62
41
22
53
25
24
55
22
39
30
46
53
8
13
20
39
37
53
63
45
70
6
53
54
55
4
72
33
40
39
33
64
39
47
25
57
55
12
46
56
18
34
29
70
21
63
32
14
65
18
42
72
44
52
5
54
33
70
48
9
31
21
4
50
62
12
57
38
34
12
62
65
13
59
38
62
52
29
70
12
71
71
66
9
13
21
65
21
60
43
61
